Cluster Name	R☉ [kpc]  Distance from Sun	Mass [M☉]  rh.m [pc]   estimate mean mass [M☉]	c_according_Cox c_calc_(log(rt/rc))
2MASS-GC01 	3.37 	4.1d4 	5.98 	0.43	null	2.23
2MASS-GC02 	5.50 	1.6d4 	2.85 	0.35	null	1.40
AM_1 	118.91 	1.96d4 	20.32 	0.74	1.23	1.58
AM_4 	29.01 	7.46d2 	11.29 	0.71	0.50	1.13
Arp_2 	28.73 	3.87d4 	19.34 	0.62	0.90	1.02
BH_140 	4.81 	6.12d4 	9.73 	0.45	null	1.03
BH_261_(AL-3) 	6.12 	2.38d4 	4.45 	0.64	null	1.76
Crater 	147.23 	1.21d4 	27.62 	0.81	null	1.26
Djor_1 	9.88 	8.43d4 	5.62 	0.67	1.50	1.50
Djor_2_(ESO-456-SC38)	8.76 	1.34d5 	6.48 	0.69	1.50	1.07
E_3 	7.88 	2.56d3 	5.51 	0.57	0.75	1.20
Eridanus 	84.68 	9.29d3 	18.83 	0.71	1.10	1.23
ESO_280-SC06 	20.95 	4.01d4 	9.69 	0.43	null	1.49
ESO_452-SC11 	7.39 	7.32d3 	3.26 	0.35	null	1.22
FSR_1716 	7.43 	5.66d4 	5.26 	0.43	null	1.28
FSR_1735 	9.08 	9.98d4 	2.69 	0.72	null	1.83
FSR_1758 	11.09 	4.91d5 	16.23 	0.61	null	1.04
Gran_1_(ESO-456-SC29) 	8.27 	2.6d4 	7.79 	0.41	null	1.14
Gran_2 	15.84 	4.2d4 	12.29 	0.46	null	1.29
Gran_3_(Patchick-125) 	11.47 	3.5d4 	10.09 	0.45	null	0.91
Gran_5 	4.91 	2.29d4 	2.20 	0.35	null	1.70
HP_1 	7.00 	1.37d5 	4.19 	0.64	2.50	1.27
IC_1257 	26.59	1.8d4	5.53 	0.39	null	1.78
IC_1276 	4.55 	7.43d4 	4.98 	0.44	1.29	1.64
IC_4499 	18.89 	1.50d5 	14.96 	0.6	1.11	1.34
Laevens_3 	61.77 	2.7d3 	9.85 	0.43	null	1.37
Liller_1 	8.06 	1.01d6 	2.42 	0.38	2.30	2.33
Lynga_7 	7.90 	6.75d4 	4.97 	0.55	null	1.46
NGC_0104_(47-Tuc) 	4.52 	8.53d5 	6.44 	0.58	2.04	2.31
NGC_0288 	8.99 	9.62d4 	8.56 	0.56	0.96	1.43
NGC_0362 	8.83 	2.52d5 	3.36 	0.58	1.94	2.31
NGC_1261 	16.40 	1.72d5 	4.86 	0.6	1.27	2.12
NGC_1851 	11.95 	2.83d5 	3.16 	0.56	2.24	2.95
NGC_1904_(M-79) 	13.08 	1.81d5 	4.33 	0.67	1.72	2.30
NGC_2298 	9.83 	4.98d4 	3.20 	0.5	1.28	2.23
NGC_2419 	88.47 	7.83d5 	26.37 	0.64	1.40	1.95
NGC_2808 	10.06 	7.91d5 	3.75 	0.56	1.77	2.34
NGC_3201 	4.74 	1.93d5 	8.68 	0.57	1.31	1.70
NGC_4147 	18.54 	4.51d4 	3.47 	0.49	1.80	2.34
NGC_4372 	5.71	1.89d5 	8.34 	0.52	1.30	1.32
NGC_4590_(M-68) 	10.40 	1.28d5 	7.27 	0.55	1.64	1.62
NGC_4833 	6.48 	1.86d5 	4.58 	0.52	1.25	1.78
NGC_5024_(M-53) 	18.50 	5.02d5 	10.03 	0.57	1.78	1.99
NGC_5053 	17.54 	6.28d4 	17.00 	0.56	0.82	1.00
NGC_5139_(omega-Cen) 	5.43 	3.94d6 	10.42 	0.54	1.24	1.69
NGC_5272_(M-3) 	10.18 	4.09d5 	5.47 	0.53	1.85	2.12
NGC_5286 	11.10 	4.24d5 	3.58 	0.58	1.46	2.29
NGC_5466 	16.12 	5.61d4 	13.75 	0.54	1.43	1.10
NGC_5634 	25.96 	2.47d5 	7.72 	0.47	1.60	2.50
NGC_5694 	34.84 	2.69d5 	4.35 	0.7	1.84	4.06
NGC_5824 	31.71 	7.46d5 	6.31 	0.72	2.45	2.62
NGC_5897 	12.55 	1.67d5 	10.90 	0.56	0.79	1.16
NGC_5904_(M-5) 	7.48 	3.92d5 	5.60 	0.53	1.87	1.86
NGC_5927 	8.27 	2.93d5 	5.92 	0.67	1.60	1.69
NGC_5946 	9.64 	1.13d5 	2.83 	0.67	2.50	2.10
NGC_5986 	10.54 	2.99d5 	4.35 	0.6	1.22	1.96
NGC_6093_(M-80) 	10.34 	3.21d5 	2.82 	0.52	1.95	2.48
NGC_6101 	14.45	1.74d5 	13.87 	0.56	0.80	1.21
NGC_6121_(M-4) 	1.85 	9.04d4 	3.95 	0.63	1.59	2.08
NGC_6139 	10.04	3.52d5 	2.49 	0.67	1.80	2.31
NGC_6144 	8.15 	8.46d4 	4.97 	0.56	1.55	1.46
NGC_6171_(M-107) 	5.63 	6.12d4 	3.72 	0.52	1.51	1.83
NGC_6205_(M-13) 	7.42 	4.84d5 	5.21 	0.55	1.49	1.87
NGC_6218_(M-12) 	5.11 	1.06d5 	4.08 	0.51	1.38	1.59
NGC_6229 	30.11 	2.47d5 	4.80 	0.72	1.61	2.24
NGC_6235 	11.94 	9.60d4 	5.07 	0.45	1.33	1.50
NGC_6254_(M-10) 	5.07 	1.89d5 	4.75 	0.53	1.40	1.86
NGC_6256 	7.24 	1.11d5 	4.21 	0.64	2.50	2.59
NGC_6266_(M-62) 	6.03 	5.81d5 	2.91 	0.68	1.70	2.35
NGC_6273_(M-19) 	8.34 	7.19d5 	4.70 	0.62	1.53	1.60
NGC_6284 	14.21 	1.74d5 	4.04 	0.63	2.50	2.43
NGC_6287 	7.93	1.30d5 	2.81 	0.57	1.60	1.85
NGC_6293 	9.19 	1.42d5 	3.18 	0.53	2.50	2.61
NGC_6304 	6.15 	1.03d5 	3.05 	0.67	1.80	1.84
NGC_6316 	11.15 	3.47d5 	6.08 	0.71	1.55	1.81
NGC_6325 	7.53 	6.19d4 	2.38 	0.65	2.50	2.27
NGC_6333_(M-9)	8.30 	3.08d5 	3.81 	0.58	1.15	1.61
NGC_6341_(M-92)	8.50 	2.73d5 	3.59 	0.52	1.81	2.59
NGC_6342 	8.01 	3.77d4 	1.86 	0.6	2.50	1.94
NGC_6352 	5.54 	6.02d4 	4.80 	0.55	1.10	1.57
NGC_6355 	8.65 	9.91d4 	3.34 	0.65	2.50	1.86
NGC_6356 	15.66 	5.65d5 	7.73 	0.47	1.54	1.89
NGC_6362 	7.65 	1.17d5 	7.24 	0.53	1.10	1.24
NGC_6366 	3.44 	4.66d4 	6.42 	0.62	0.92	1.21
NGC_6380 	9.61 	3.41d5 	4.42 	0.69	1.55	1.63
NGC_6388 	11.17 	1.31d6 	5.37 	0.65	1.70	2.30
NGC_6397 	2.48 	8.24d4 	3.16 	0.57	2.50	2.55
NGC_6401 	7.44 	1.21d5 	3.17 	0.61	1.69	1.64
NGC_6402_(M-14) 	9.14 	5.95d5 	4.92 	0.62	1.60	1.57
NGC_6426 	20.71 	7.31d4 	7.88 	0.56	1.70	1.53
NGC_6440 	8.25 	5.69d5 	2.80 	0.69	1.70	1.96
NGC_6441 	12.73 	1.39d6 	4.30 	0.66	1.85	2.23
NGC_6453 	10.07 	1.68d5 	3.87 	0.62	2.50	2.40
NGC_6496 	9.64 	7.44d4 	7.01 	0.57	0.70	1.06
NGC_6517 	9.23 	2.16d5 	2.88 	0.68	1.82	2.53
NGC_6522 	7.29 	2.14d5 	3.15 	0.6	2.50	1.60
NGC_6528 	7.83 	9.44d4 	5.01 	0.68	2.29	1.61
NGC_6535 	6.36 	1.98d4 	3.43 	0.49	1.30	2.09
NGC_6539 	8.16 	2.15d5 	5.16 	0.71	1.60	1.51
NGC_6540 	5.91 	5.62d4 	4.49 	0.57	2.50	2.40
NGC_6541 	7.61 	2.57d5 	3.81 	0.52	2.00	2.53
NGC_6544 	2.58 	8.15d4 	2.24 	0.61	1.63	2.38
NGC_6553 	5.33 	2.29d5 	2.88 	0.69	1.17	1.96
NGC_6558 	7.79 	3.13d4 	1.96 	0.54	2.50	1.78
NGC_6569 	10.53 	2.29d5 	3.46 	0.69	1.27	1.68
NGC_6584 	13.61	1.15d5 	5.37 	0.57	1.20	1.71
NGC_6624 	8.02 	1.03d5 	2.25 	0.52	2.50	1.95
NGC_6626_(M-28) 	5.37	2.70d5 	2.33 	0.5	1.67	2.17
NGC_6637_(M-69) 	8.90 	1.38d5 	3.19 	0.55	1.39	1.63
NGC_6638 	9.78 	1.24d5 	2.28 	0.6	1.40	1.78
NGC_6642 	8.05 	3.95d4 	1.73 	0.52	1.99	2.17
NGC_6652 	9.46 	4.09d4 	1.85 	0.5	1.80	2.02
NGC_6656_(M-22) 	3.30 	4.70d5 	5.21 	0.51	1.31	1.94
NGC_6681_(M-70) 	9.36 	1.05d5 	3.04 	0.51	2.50	2.59
NGC_6712 	7.38 	9.50d4 	3.50 	0.6	0.90	1.70
NGC_6715_(M-54) 	26.28 	1.59d6 	5.78 	0.67	1.84	2.71
NGC_6717 	7.52 	2.63d4 	3.26 	0.49	2.50	1.79
NGC_6723 	8.27 	1.97d5 	5.07 	0.53	1.05	1.42
NGC_6749 	7.59 	2.05d5 	6.10 	0.46	0.75	1.63
NGC_6752 	4.12 	2.61d5 	4.75 	0.51	2.50	2.35
NGC_6760 	8.41 	2.86d5 	5.74 	0.76	1.59	1.83
NGC_6779_(M-56) 	10.43 	1.66d5 	4.42 	0.56	1.37	1.97
NGC_6809_(M-55) 	5.35 	1.97d5 	6.78 	0.46	0.76	1.32
NGC_6838_(M-71) 	4.00 	3.78d4 	4.81 	0.54	1.15	1.58
NGC_6864_(M-75) 	20.52 	4.59d5 	2.94 	0.7	1.88	2.58
NGC_6934 	15.72 	1.50d5 	4.71 	0.61	1.53	2.10
NGC_6981_(M-72) 	16.66 	8.12d4 	5.79 	0.62	1.23	1.41
NGC_7006 	39.32 	1.32d5 	6.59 	0.61	1.42	2.00
NGC_7078_(M-15) 	10.71 	5.18d5 	3.66 	0.51	2.50	3.34
NGC_7089_(M-2) 	11.69 	6.24d5 	4.76 	0.55	1.80	2.19
NGC_7099_(M-30) 	8.46 	1.21d5 	4.27 	0.53	2.50	2.90
NGC_7492 	24.39 	1.97d4 	10.59 	0.7	1.00	1.31
Pal_1 	11.18 	9.26d2 	3.43 	0.65	1.50	1.70
Pal_2 	26.17 	2.20d5 	7.64 	0.69	1.91	1.86
Pal_3 	94.84 	1.85d4 	27.60 	0.72	1.00	1.18
Pal_4 	101.39 	1.53d4 	21.12 	0.71	0.78	1.28
Pal_5 	21.94 	1.34d4 	27.63 	0.58	0.74	0.51
Pal_6 	7.05 	8.56d4 	2.91 	0.37	1.10	1.23
Pal_8 	11.32 	7.13d4 	6.14 	0.42	1.53	1.29
Pal_10 	8.94 	1.25d5 	6.91 	0.46	1.56	1.45
Pal_11 	14.02 	1.42d4 	9.75 	0.78	0.69	0.90
Pal_12 	18.49 	6.19d3 	10.54 	0.62	1.94	1.30
Pal_13 	23.48 	2.78d3 	15.67 	0.5	0.66	2.06
Pal_14 	73.58 	1.91d4 	37.72 	0.69	0.72	0.46
Pal_15 	44.10 	5.25d4 	27.01 	0.64	0.60	0.85
Patchick_126 	8.00 	5.39d3 	1.53 	0.35	null	2.00
Pyxis 	36.53 	3.22d4 	23.52 	0.66	0.65	0.99
RLGC_1 	28.84 	2.8d5 	11.57 	0.47	null	1.81
RLGC_2 	15.85 	2.7d5 	5.00 	0.45	null	2.48
Rup 106 	20.71 	3.40d4 	11.14 	0.56	0.70	1.16
Sagittarius_II 	66.53 	3.05d4 	39.44 	0.65	null	1.27
Ter_1 	5.67 	1.99d5 	1.86 	0.74	2.50	2.03
Ter_2 	7.75 	8.05d4 	4.31 	0.84	2.50	1.43
Ter_3 	7.64 	3.25d4 	6.24 	0.66	0.70	0.95
Ter_4 	7.59 	1.81d5 	5.67 	0.67	null	1.60
Ter_5 	6.62 	1.09d6 	4.03 	0.8	1.74	1.88
Ter_6 	7.27 	1.00d5 	1.91 	0.74	2.50	1.55
Ter_7 	24.28 	2.23d4 	12.18 	0.78	1.08	1.19
Ter_8 	27.54 	7.59d4 	21.24 	0.57	0.60	1.03
Ter_9 	5.77	1.37d5 	2.58 	0.71	2.50	2.05
Ter_10 	10.21 	3.19d5 	4.67 	0.5	null	2.14
Ter_12 	5.17 	3.76d4 	2.71 	0.78	0.57	1.58
Ton_2 	6.99 	4.31d4 	4.26 	0.66	1.30	1.34
UKS_1 	15.58 	8.0d4 	4.07 	0.4	2.10	1.67
VVV-CL001 	8.08	1.54d5 	3.23 	0.42	null	1.81
VVV-CL160 	6.80 	5.28d4 	4.50 	0.41	null	1.38
Whiting_1 	30.59 	1.37d3 	16.53 	null	null	null

