#ClusterName           DistanceSun[kpc]  Mass_tot_[M☉]  rh.m_[pc]  mean_mass_[M☉]
2MASS-GC01             003.37            4.10d4         05.98      0.43
0
2MASS-GC02             005.50            1.60d4         02.85      0.35
10
AM_1                   118.91            1.96d4         20.32      0.74
0
AM_4                   29.010            7.46d2         11.29      0.71
0
Arp_2                  028.73            3.87d4         19.34      0.62
5
BH_140                 004.81            6.12d4         09.73      0.45
6
BH_261_(AL-3)          006.12            2.38d4         04.45      0.64
12
Crater                 147.23            1.21d4         27.62      0.81
6
Djor_1                 009.88            8.43d4         05.62      0.67
6
Djor_2_(ESO-456-SC38)  008.76            1.34d5         06.48      0.69
21
E_3                    007.88            2.56d3         05.51      0.57
3
Eridanus               084.68            9.29d3         18.83      0.71
0
ESO_280-SC06           020.95            4.01d4         09.69      0.43
12
ESO_452-SC11           007.39            7.32d3         03.26      0.35
12
FSR_1716               007.43            5.66d4         05.26      0.43
8
FSR_1735               009.08            9.98d4         02.69      0.72
0
FSR_1758               011.09            4.91d5         16.23      0.61
8
Gran_1_(ESO-456-SC29)  008.27            2.60d4         07.79      0.41
0
Gran_2                 015.84            4.20d4         12.29      0.46
0
Gran_3_(Patchick-125)  011.47            3.50d4         10.09      0.45
21
Gran_5                 004.91            2.29d4         02.20      0.35
6
HP_1                   007.00            1.37d5         04.19      0.64
4
IC_1257                026.59            1.80d4         05.53      0.39
0
IC_1276                004.55            7.43d4         04.98       0.44
7
IC_4499                018.89            1.50d5         14.96      0.60
7
Laevens_3              061.77            2.70d3         09.85      0.43
9
Liller_1               008.06            1.01d6         02.42      0.38
8
Lynga_7                007.90            6.75d4         04.97      0.55
7
NGC_0104_(47-Tuc)      004.52            8.53d5         06.44      0.58
17
NGC_0288               008.99            9.62d4         08.56      0.56
8
NGC_0362               008.83            2.52d5         03.36      0.58
8
NGC_1261               016.40            1.72d5         04.86      0.60
8
NGC_1851               011.95            2.83d5         03.16      0.56
8
NGC_1904_(M-79)        013.08            1.81d5         04.33      0.67
15
NGC_2298               009.83            4.98d4         03.20      0.50
8
NGC_2419               088.47            7.83d5         26.37      0.64
8
NGC_2808               010.06            7.91d5         03.75      0.56
8
NGC_3201               004.74            1.93d5         08.68      0.57
8
NGC_4147               018.54            4.51d4         03.47      0.49
8
NGC_4372               005.71            1.89d5         08.34      0.52
8
NGC_4590_(M-68)        010.40            1.28d5         07.27      0.55
15
NGC_4833               006.48            1.86d5         04.58      0.52
8
NGC_5024_(M-53)        018.50            5.02d5         10.03      0.57
15
NGC_5053               017.54            6.28d4         17.00      0.56
8
NGC_5139_(omega-Cen)   005.43            3.94d6         10.42      0.54
20
NGC_5272_(M-3)         010.18            4.09d5         05.47      0.53
14
NGC_5286               011.10            4.24d5         03.58      0.58
8
NGC_5466               016.12            5.61d4         13.75      0.54
8
NGC_5634               025.96            2.47d5         07.72      0.47
8
NGC_5694               034.84            2.69d5         04.35      0.70
8
NGC_5824               031.71            7.46d5         06.31      0.72
8
NGC_5897               012.55            1.67d5         10.90      0.56
4
NGC_5904_(M-5)         007.48            3.92d5         05.60      0.53
14
NGC_5927               008.27            2.93d5         05.92      0.67
8
NGC_5946               009.64            1.13d5         02.83      0.67
8
NGC_5986               010.54            2.99d5         04.35      0.60
8
NGC_6093_(M-80)        010.34            3.21d5         02.82      0.52
15
NGC_6101               014.45            1.74d5         13.87      0.56
8
NGC_6121_(M-4)         001.85            9.04d4         03.95      0.63
14
NGC_6139               010.04            3.52d5         02.49      0.67
8
NGC_6144               008.15            8.46d4         04.97      0.56
8
NGC_6171_(M-107)       005.63            6.12d4         03.72      0.52
16
NGC_6205_(M-13)        007.42            4.84d5         05.21      0.55
15
NGC_6218_(M-12)        005.11            1.06d5         04.08      0.51
15
NGC_6229               030.11            2.47d5         04.80      0.72
8
NGC_6235               011.94            9.60d4         05.07      0.45
15
NGC_6254_(M-10)        005.07            1.89d5         04.75      0.53
15
NGC_6256               007.24            1.11d5         04.21      0.64
8
NGC_6266_(M-62)        006.03            5.81d5         02.91      0.68
15
NGC_6273_(M-19)        008.34            7.19d5         04.70      0.62
15
NGC_6284               014.21            1.74d5         04.04      0.63
8
NGC_6287               007.93            1.30d5         02.81      0.57
8
NGC_6293               009.19            1.42d5         03.18      0.53
8
NGC_6304               006.15            1.03d5         03.05      0.67
8
NGC_6316               011.15            3.47d5         06.08      0.71
8
NGC_6325               007.53            6.19d4         02.38      0.65
8
NGC_6333_(M-9)         008.30            3.08d5         03.81      0.58
14
NGC_6341_(M-92)        008.50            2.73d5         03.59      0.52
15
NGC_6342               008.01            3.77d4         01.86      0.60
8
NGC_6352               005.54            6.02d4         04.80      0.55
8
NGC_6355               008.65            9.91d4         03.34      0.65
8
NGC_6356               015.66            5.65d5         07.73      0.47
8
NGC_6362               007.65            1.17d5         07.24      0.53
8
NGC_6366               003.44            4.66d4         06.42      0.62
8
NGC_6380               009.61            3.41d5         04.42      0.69
8
NGC_6388               011.17            1.31d6         05.37      0.65
8
NGC_6397               002.48            8.24d4         03.16      0.57
8
NGC_6401               007.44            1.21d5         03.17      0.61
8
NGC_6402_(M-14)        009.14            5.95d5         04.92      0.62
15
NGC_6426               020.71            7.31d4         07.88      0.56
8
NGC_6440               008.25            5.69d5         02.80      0.69
8
NGC_6441               012.73            1.39d6         04.30      0.66
8
NGC_6453               010.07            1.68d5         03.87      0.62
8
NGC_6496               009.64            7.44d4         07.01      0.57
8
NGC_6517               009.23            2.16d5         02.88      0.68
8
NGC_6522               007.29            2.14d5         03.15      0.60
8
NGC_6528               007.83            9.44d4         05.01      0.68
8
NGC_6535               006.36            1.98d4         03.43      0.49
8
NGC_6539               008.16            2.15d5         05.16      0.71
8
NGC_6540               005.91            5.62d4         04.49      0.57
8
NGC_6541               007.61            2.57d5         03.81      0.52
8
NGC_6544               002.58            8.15d4         02.24      0.61
8
NGC_6553               005.33            2.29d5         02.88      0.69
8
NGC_6558               007.79            3.13d4         01.96      0.54
8
NGC_6569               010.53            2.29d5         03.46      0.69
8
NGC_6584               013.61            1.15d5         05.37      0.57
8
NGC_6624               008.02            1.03d5         02.25      0.52
8
NGC_6626_(M-28)        005.37            2.70d5         02.33      0.50
15
NGC_6637_(M-69)        008.90            1.38d5         03.19      0.55
15
NGC_6638               009.78            1.24d5         02.28      0.60
8
NGC_6642               008.05            3.95d4         01.73      0.52
8
NGC_6652               009.46            4.09d4         01.85      0.50
8
NGC_6656_(M-22)        003.30            4.70d5         05.21      0.51
15
NGC_6681_(M-70)        009.36            1.05d5         03.04      0.51
15
NGC_6712               007.38            9.50d4         03.50      0.60
8
NGC_6715_(M-54)        026.28            1.59d6         05.78      0.67
15
NGC_6717               007.52            2.63d4         03.26      0.49
8
NGC_6723               008.27            1.97d5         05.07      0.53
8
NGC_6749               007.59            2.05d5         06.10      0.46
8
NGC_6752               004.12            2.61d5         04.75      0.51
8
NGC_6760               008.41            2.86d5         05.74      0.76
8
NGC_6779_(M-56)        010.43            1.66d5         04.42      0.56
15
NGC_6809_(M-55)        005.35            1.97d5         06.78      0.46
15
NGC_6838_(M-71)        004.00            3.78d4         04.81      0.54
15
NGC_6864_(M-75)        020.52            4.59d5         02.94      0.70
15
NGC_6934               015.72            1.50d5         04.71      0.61
8
NGC_6981_(M-72)        016.66            8.12d4         05.79      0.62
15
NGC_7006               039.32            1.32d5         06.59      0.61
8
NGC_7078_(M-15)        010.71            5.18d5         03.66      0.51
15
NGC_7089_(M-2)         011.69            6.24d5         04.76      0.55
14
NGC_7099_(M-30)        008.46            1.21d5         04.27      0.53
15
NGC_7492               024.39            1.97d4         10.59      0.70
8
Pal_1                  011.18            9.26d2         03.43      0.65
5
Pal_2                  026.17            2.20d5         07.64      0.69
5
Pal_3                  094.84            1.85d4         27.60      0.72
5
Pal_4                  101.39            1.53d4         21.12      0.71
5
Pal_5                  021.94            1.34d4         27.63      0.58
5
Pal_6                  007.05            8.56d4         02.91      0.37
5
Pal_8                  011.32            7.13d4         06.14      0.42
5
Pal_10                 008.94            1.25d5         06.91      0.46
6
Pal_11                 014.02            1.42d4         09.75      0.78
6
Pal_12                 018.49            6.19d3         10.54      0.62
6
Pal_13                 023.48            2.78d3         15.67      0.50
6
Pal_14                 073.58            1.91d4         37.72      0.69
6
Pal_15                 044.10            5.25d4         27.01      0.64
6
Patchick_126           008.00            5.39d3         01.53      0.35
12
Pyxis                  036.53            3.22d4         23.52      0.66
5
RLGC_1                 028.84            2.80d5         11.57      0.47
0
RLGC_2                 015.85            2.70d5         05.00      0.45
0
Rup_106                020.71            3.40d4         11.14      0.56
7
Sagittarius_2          066.53            3.05d4         39.44      0.65
13
Ter_1                  005.67            1.99d5         01.86      0.74
5
Ter_2                  007.75            8.05d4         04.31      0.84
5
Ter_3                  007.64            3.25d4         06.24      0.66
5
Ter_4                  007.59            1.81d5         05.67      0.67
5
Ter_5                  006.62            1.09d6         04.03      0.80
5
Ter_6                  007.27            1.00d5         01.91      0.74
5
Ter_7                  024.28            2.23d4         12.18      0.78
5
Ter_8                  027.54            7.59d4         21.24      0.57
5
Ter_9                  005.77            1.37d5         02.58      0.71
5
Ter_10                 010.21            3.19d5         04.67      0.50
6
Ter_12                 005.17            3.76d4         02.71      0.78
6
Ton_2                  006.99            4.31d4         04.26      0.66
5
UKS_1                  015.58            8.00d4         04.07      0.40
5
VVV-CL001              008.08            1.54d5         03.23      0.42
9
VVV-CL160              006.80            5.28d4         04.50      0.41
0
