# Namecluster  #radius(arcsec) #velrms(km/s)	
2MASS-GC02 		
 	66.16 	6.69 
 	0       0
 	
Arp_2
	48.57 	1.97 
 	129.82 	1.33
 	0       0
 	 
BH_140  		
	86.91 	2.23 
	190.50 	1.96 
	298.53 	1.98 
 	337.76 	1.41 
 	0       0
 	
BH_261_(AL-3) 		
 	40.25 	2.99 
 	0       0
 	
Crater 		
 	21.36 	1.96 
 	0       0
 	
Djor_1 		
	37.89 	2.91 
	41.42 	5.05 
 	52.16 	3.28
 	0       0
 	 
Djor_2_(ESO-456-SC38)	
	55.96 	2.91 
 	81.91 	2.79 
 	0       0
 	
E_3 		
	80.97 	1.02 
 	108.25 	0.96
 	0       0
 	 
ESO_280-SC06  		
 	54.87 	1.70 
 	0       0
 	
ESO_452-SC11 		
	39.58 	1.38 
 	50.93 	1.16 
 	0       0
 	
FSR_1716 		
	79.75 	3.16 
 	82.00 	1.99
 	0       0
 	 
FSR_1758 		
	119.97 	5.04 
	152.95 	3.62 
	276.36 	4.47 
 	392.75 	2.72
 	0       0
 	 
Gran_3_(Patchick-125) 		
 	91.48 	3.88
 	0       0
 	
Gran_5 		
	10.00 	3.68 
 	28.01 	2.87
 	0       0
 	 
HP_1 		
	40.02 	5.57 
	67.77 	4.90 
 	128.83 	3.59
 	0       0
 	 
IC_1276 		
	56.25 	3.49 
	103.26 	2.83 
	124.24 	3.25 
 	256.84 	2.55
 	0       0
 	 
IC_4499 		
	67.51 	2.58 
	80.73 	2.54 
	176.24 	2.47 
 	242.98 	1.95
 	0       0
 	 
Laevens_3 		
 	22.47 	0.70
 	0	0
 	 
Liller_1 		
	13.07 	20.02 
	24.14 	17.43 
	44.80 	16.26 
 	100.61 	12.61 
 	0       0
 	
Lynga_7 		
	56.69 	3.44 
	117.73 	2.81 
 	120.88 	3.06 
 	0	0
 	
NGC_0104_(47-Tuc)		
	6.45 	11.54 
	8.02 	14.14 
	11.67 	12.57 
	16.61 	12.52 
	21.42 	11.61 
	22.70 	12.75 
	25.61 	11.23 
	26.65 	12.02 
	30.15 	12.67 
	30.99 	11.19 
	33.89 	12.19 
	37.17 	11.68 
	37.41 	11.72 
	40.99 	12.15 
	42.75 	11.06 
	44.54 	12.02 
	47.91 	11.64 
	48.13 	12.11 
	51.74 	11.57 
	53.01 	11.20 
	55.60 	11.89 
	58.69 	11.02 
	59.19 	11.36 
	62.97 	11.79 
	65.22 	10.81 
	66.92 	11.89 
	70.62 	11.74 
	74.41 	11.14 
	74.91 	11.64 
	79.12 	11.40 
	79.14 	10.66 
	82.17 	11.00 
	83.76 	11.53 
	85.38 	10.25 
	88.94 	11.19 
	94.50 	11.38 
	100.00 	10.97 
	106.31 	10.69 
	109.85 	9.38 
	113.47 	10.48 
	121.58 	10.42 
	130.10 	10.33 
	140.63 	10.18 
	151.14 	9.54 
	158.59 	9.86 
	174.75 	9.14 
	194.71 	9.05 
	223.74 	8.62 
	244.11 	8.19 
	263.81 	8.26 
	292.48 	8.62 
	298.44 	8.08 
	329.37 	7.73 
	334.58 	8.12 
	356.93 	7.82 
	377.02 	8.01 
	383.70 	7.07 
	410.27 	7.48 
	422.41 	7.74 
	435.65 	7.49 
	459.74 	7.05 
	467.44 	7.29 
	486.26 	7.26 
	512.59 	6.69 
	517.71 	7.34 
	542.26 	6.79 
	571.44 	6.77 
	573.74 	6.29 
	601.09 	6.26 
	632.46 	6.23 
	642.08 	6.61 
	665.91 	6.20 
	703.64 	5.79 
	726.12 	5.59 
	746.39 	5.86 
	796.54 	5.91 
	831.35 	5.44 
	851.91 	5.73 
	919.44 	5.20 
	971.75 	5.16 
	991.01 	5.26 
	1076.29 5.20 
	1137.84 4.89 
	1180.70 4.24 
	1421.25 3.81 
 	1705.71 3.87 
 	0	0
 	
NGC_0288 	
	13.89 	3.15 
	32.00 	2.90 
	48.90 	2.90 
	49.25 	2.86 
	54.84 	3.75 
	67.04 	2.68 
	80.80 	2.90 
	94.10 	2.65 
	108.61 	3.22 
	137.21 	2.74 
	158.33 	2.63 
	188.51 	2.49 
	212.86 	1.76 
	246.57 	2.57 
	292.71 	2.61 
	350.01 	1.88 
	442.62 	2.10 
 	639.10 	1.45
 	0	0
 	 
NGC_0362 		
	6.30 	7.49 
	7.12 	8.25 
	12.31 	8.16 
	12.92 	7.96 
	16.10 	7.70 
	17.54 	7.46 
	19.56 	7.74 
	21.48 	7.65 
	22.64 	7.87 
	25.86 	7.87 
	26.19 	7.22 
	29.07 	8.04 
	30.75 	7.65 
	32.34 	7.28 
	35.68 	7.49 
	35.97 	6.73 
	39.10 	7.28 
	42.11 	7.05 
	43.12 	7.45 
	47.11 	7.58 
	48.78 	6.31 
	51.87 	6.99 
	55.45 	7.31 
	56.62 	6.95 
	59.16 	6.34 
	61.94 	6.74 
	66.94 	6.57 
	72.89 	6.70 
	79.08 	6.99 
	80.20 	6.79 
	90.80 	6.03 
	95.50 	6.89 
	127.51 	6.30 
	136.58 	5.92 
	177.21 	4.84 
	197.69 	5.11 
	231.35 	4.16 
	304.85 	3.52 
	326.55 	3.71 
 	518.44 	3.29 
 	0	0
 	
NGC_1261 		
	3.11 	5.83 
	7.83 	5.68 
	12.07 	5.52 
	15.38 	4.50 
	15.85 	5.52 
	18.63 	4.82 
	21.85 	4.90 
	24.74 	5.21 
	27.56 	5.13 
	30.96 	4.90 
	34.54 	4.82 
	38.15 	4.98 
	42.02 	4.90 
	42.34 	3.79 
	46.50 	4.51 
	50.73 	4.35 
	56.41 	4.12 
	62.03 	4.20 
	68.36 	4.35 
	68.68 	3.96 
	75.68 	4.12 
	85.08 	4.04 
	93.22 	3.83 
	99.66 	3.58 
	100.00 	4.50 
	136.58 	3.29 
	213.83 	2.71 
	284.10 	2.87 
 	445.77 	2.25 
 	0	0
 	
NGC_1851 		
	4.35 	10.48 
	8.26 	9.86 
	9.43 	10.21 
	11.08 	9.11 
	12.34 	9.01 
	12.70 	8.37 
	15.73 	8.55 
	16.11 	8.11 
	18.41 	8.61 
	20.10 	8.12 
	21.54 	8.50 
	23.85 	7.61 
	24.72 	8.04 
	27.60 	8.04 
	28.23 	7.76 
	30.91 	7.23 
	31.53 	7.53 
	34.06 	7.45 
	34.87 	7.19 
	37.28 	7.49 
	38.35 	7.70 
	40.50 	7.25 
	41.86 	7.14 
	43.62 	6.47 
	46.08 	7.14 
	46.90 	6.92 
	50.12 	6.74 
	50.31 	7.21 
	54.45 	6.46 
	54.47 	6.94 
	59.55 	6.80 
	65.90 	6.56 
	66.38 	6.40 
	73.01 	6.18 
	81.33 	6.01 
	89.90 	5.72 
	89.95 	6.02 
	113.17 	5.36 
	128.27 	6.22 
	158.66 	5.08 
	164.00 	4.30 
	208.56 	4.15 
	218.72 	4.17 
	305.71 	3.49 
	309.04 	3.73 
	520.58 	2.42 
	535.07 	2.88 
 	1283.92 2.35
 	0	0
 	 
NGC_1904_(M-79)		
	0.65 	8.70 
	1.82 	8.00 
	3.29 	6.89 
	4.07 	8.25 
	6.53 	5.17 
	8.90 	5.42 
	10.72 	6.60 
	13.58 	5.51 
	20.27 	5.88 
	26.99 	5.71 
	29.42 	6.29 
	33.82 	4.57 
	41.24 	4.92 
	50.97 	5.24 
	52.32 	5.78 
	78.48 	5.17 
	105.43 	3.83 
	108.43 	5.14 
	148.07 	3.62 
	179.58 	2.62 
	232.15 	2.52 
	240.04 	3.52 
 	480.85 	2.50
 	0       0
 	 
NGC_2298 		
	6.01 	3.96 
	14.39 	3.59 
	23.12 	3.52 
	25.63 	3.49 
	37.32 	3.45 
	53.71 	3.03 
	61.70 	3.04 
	86.71 	2.75 
	101.86 	2.92 
	122.11 	2.31 
 	196.89 	1.58 
 	0	0
 	
NGC_2419 		
	38.20 	5.51 
	99.96 	2.63 
 	213.57 	1.64 
 	0	0
 	
NGC_2808 		
	3.48 	14.78 
	5.78 	13.33 
	7.89 	13.59 
	11.05 	12.59 
	13.02 	13.21 
	16.72 	12.39 
	17.74 	13.45 
	22.48 	13.38 
	23.50 	13.11 
	28.19 	12.71 
	29.16 	12.69 
	33.39 	12.40 
	33.44 	13.16 
	37.19 	12.45 
	38.91 	12.44 
	40.67 	11.83 
	43.88 	12.21 
	43.92 	11.17 
	46.50 	11.73 
	48.74 	12.16 
	49.49 	11.59 
	52.58 	11.83 
	54.63 	11.86 
	55.59 	11.21 
	58.67 	11.11 
	61.82 	11.06 
	65.21 	11.16 
	65.49 	10.87 
	68.50 	10.68 
	72.13 	11.02 
	76.24 	10.25 
	80.71 	9.87 
	85.54 	10.11 
	91.46 	9.59 
	96.21 	9.42 
	101.55 	9.06 
	142.52 	8.48 
	151.02 	8.38 
	189.20 	7.55 
	204.88 	7.75 
	226.31 	8.06 
	262.53 	6.68 
	272.93 	7.81 
	339.21 	6.82 
	363.86 	5.69 
	491.25 	5.32 
 	526.80 	4.59 
 	0	0
 	
NGC_3201 		
	9.22 	4.53 
	14.96 	4.15 
	16.81 	4.38 
	23.71 	4.32 
	30.92 	4.24 
	32.65 	4.11 
	37.42 	4.25 
	43.40 	4.23 
	47.92 	4.04 
	48.97 	4.26 
	53.35 	4.37 
	54.80 	4.55 
	63.61 	4.18 
	72.95 	4.13 
	78.87 	3.86 
	97.62 	4.49 
	98.33 	4.34 
	132.94 	4.17 
	149.37 	4.36 
	165.89 	4.08 
	202.09 	3.96 
	211.74 	3.80 
	244.33 	3.55 
	286.48 	3.31 
	288.03 	3.09 
	340.71 	3.04 
	378.91 	3.29 
	400.33 	2.93 
	475.08 	2.97 
	479.09 	3.08 
	563.06 	2.95 
	612.25 	2.70 
	672.70 	2.95 
	784.96 	2.32 
	896.91 	2.66 
	1013.85 2.16 
	1356.85 2.29 
 	1976.14 2.35 
 	0	0
 	
NGC_4147 		
	41.05 	2.08 
 	174.98 	1.46 
 	0	0
 	
NGC_4372 		
	81.37 	4.57 
	108.06 	3.86 
	154.55 	3.77 
	207.07 	3.71 
	232.22 	3.72 
	329.17 	3.40 
	351.32 	3.32 
	488.29 	3.03 
 	521.23 	2.66
 	0	0
 	 
NGC_4590_(M-68)		
	13.59 	3.75 
	29.15 	3.80 
	44.45 	3.55 
	47.19 	3.50 
	58.02 	3.75 
	75.99 	3.26 
	92.39 	3.21 
	125.97 	2.82 
	173.76 	2.34 
	240.14 	2.35 
	332.94 	1.74 
 	534.44 	1.89 
 	0	0
 	
NGC_4833 		
	7.18 	6.48 
	15.52 	5.93 
	24.26 	5.93 
	27.33 	6.04 
	32.02 	6.11 
	39.51 	5.93 
	47.10 	5.96 
	53.68 	5.38 
	60.64 	5.50 
	67.20 	5.34 
	74.43 	5.07 
	81.37 	5.25 
	83.24 	5.10 
	91.19 	5.47 
	120.78 	5.16 
	131.88 	3.79 
	172.26 	4.75 
	192.37 	3.38 
	214.63 	4.49 
	275.76 	3.47 
	324.07 	3.56 
 	360.73 	3.28
 	0	0
 	 
NGC_5024_(M-53)  		
	7.58 	7.28 
	14.70 	6.66 
	20.73 	6.93 
	25.37 	6.49 
	30.20 	6.93 
	34.65 	6.40 
	38.05 	6.66 
	42.42 	6.31 
	43.30 	5.73 
	46.26 	6.05 
	50.41 	6.66 
	55.04 	5.88 
	59.98 	5.61 
	64.97 	5.61 
	70.87 	5.79 
	71.21 	5.98 
	78.79 	5.96 
	88.13 	5.44 
	98.46 	5.17 
	100.79 	5.26 
	107.05 	5.21 
	117.70 	4.06 
	124.39 	5.16 
	216.19 	3.46 
	228.54 	3.79 
	328.41 	3.81 
	384.43 	2.72 
 	614.24 	2.24 
 	0	0
 	
NGC_5053 		
	58.77 	2.19 
	118.92 	1.47 
 	307.27 	1.12 
 	0	0
 	
NGC_5139_(omega-Cen) 		
	2.28 	18.40 
	3.90 	22.82 
	4.33 	20.78 
	6.02 	23.66 
	7.10 	18.23 
	7.87 	21.08 
	9.47 	20.90 
	11.40 	17.57 
	12.40 	20.43 
	16.13 	20.78 
	18.20 	18.22 
	18.78 	19.67 
	28.80 	18.41 
	29.91 	19.25 
	40.23 	19.54 
	43.94 	18.97 
	45.40 	17.98 
	54.51 	18.63 
	63.38 	18.28 
	68.90 	18.09 
	71.50 	18.50 
	76.20 	17.65 
	78.80 	18.19 
	85.65 	17.88 
	92.19 	17.55 
	98.41 	17.70 
	100.22 	15.97 
	104.18 	17.47 
	109.72 	16.70 
	110.90 	16.61 
	115.15 	17.31 
	120.67 	17.08 
	121.02 	15.07 
	125.90 	16.95 
	131.32 	16.81 
	136.88 	16.55 
	137.77 	15.14 
	142.98 	16.38 
	150.20 	16.11 
	150.50 	16.40 
	156.41 	15.14 
	162.18 	16.08 
	177.90 	14.85 
	204.99 	14.25 
	228.86 	14.81 
	234.30 	14.32 
	236.84 	15.62 
	262.10 	12.88 
	273.98 	13.99 
	289.06 	14.02 
	311.98 	13.75 
	318.30 	12.53 
	344.67 	13.71 
	351.90 	13.26 
	378.47 	11.98 
	393.38 	11.49 
	409.93 	12.38 
	437.87 	11.96 
	440.61 	12.48 
	465.67 	12.40 
	491.58 	11.81 
	496.41 	12.58 
	529.88 	11.41 
	549.46 	11.29 
	564.21 	11.36 
	602.90 	11.02 
	614.34 	10.66 
	641.98 	11.05 
	685.55 	10.55 
	698.61 	9.88 
	733.17 	10.35 
	777.68 	9.09 
	804.83 	9.88 
	824.21 	9.23 
	885.95 	9.54 
	938.01 	9.41 
	1126.12 8.35 
	1173.57 8.04 
	1747.28 7.42 
 	1773.66 6.13
 	0	0
 	 
NGC_5272_(M-3) 		
	6.82 	8.30 
	12.86 	7.26 
	13.97 	8.10 
	19.71 	7.77 
	24.77 	7.72 
	28.75 	7.52 
	32.78 	7.77 
	37.10 	7.48 
	39.55 	8.30 
	41.07 	7.24 
	44.80 	7.14 
	48.87 	7.72 
	52.92 	7.14 
	56.60 	7.24 
	61.15 	6.85 
	65.79 	6.99 
	70.89 	6.22 
	71.75 	7.28 
	77.63 	6.61 
	89.71 	6.66 
	103.24 	6.32 
	122.98 	5.52 
	141.58 	5.44 
	165.13 	4.56 
	185.91 	4.68 
	205.56 	4.97 
	250.96 	4.29 
	265.07 	4.44 
	337.43 	4.92 
	339.36 	3.83 
	445.01 	3.98 
	475.27 	3.65 
	578.57 	3.09 
	670.45 	2.98 
 	1119.10 2.36 
 	0	0
 	
NGC_5286 		
	0.52 	9.14 
	1.55 	10.36 
	3.09 	9.51 
	5.50 	10.10 
	6.42 	9.69 
	8.13 	9.33 
	11.89 	9.21 
	12.59 	8.75 
	16.06 	9.68 
	19.78 	8.73 
	23.14 	8.90 
	26.57 	8.66 
	30.79 	9.25 
	40.19 	7.87 
	56.37 	7.56 
	106.50 	6.90 
	142.72 	4.69 
	160.25 	5.77 
	185.39 	4.13 
	246.50 	4.48 
 	365.89 	2.71 
 	0	0
 	
NGC_5466 		
	53.63 	1.95 
	73.00 	1.78 
	102.88 	1.24 
	104.47 	1.41 
	193.81 	1.38 
 	413.26 	1.07
 	0	0
 	 
NGC_5634 		
	43.41 	3.62 
	74.87 	4.38 
 	112.39 	3.43 
 	0	0
 	
NGC_5694 		
	0.52 	9.54 
	2.09 	8.75 
	4.17 	9.30 
	6.46 	6.65 
	9.61 	7.03 
	42.29 	4.58 
	101.00 	3.46 
 	230.56 	2.52
 	0	0
 	 
NGC_5824 		
	0.52 	13.32 
	1.82 	11.18 
	3.63 	11.22 
	7.59 	10.86 
	25.12 	8.31 
	48.95 	7.68 
	92.56 	5.55 
	106.66 	5.08 
	206.13 	3.89 
	252.06 	4.91 
 	325.65 	2.96 
 	0	0
 	
NGC_5897 		
	25.22 	3.75 
	40.56 	3.63 
	53.29 	3.39 
	63.01 	3.45 
	78.84 	2.80 
	79.01 	3.27 
	86.79 	3.31 
	160.96 	2.65 
	165.40 	2.76 
	264.05 	2.16 
	264.67 	2.78 
 	418.96 	1.52 
 	0	0
 	
NGC_5904_(M-5) 		
	3.76 	7.30 
	7.60 	7.66 
	7.69 	7.41 
	12.85 	6.98 
	15.54 	7.29 
	17.98 	7.69 
	21.35 	6.61 
	21.79 	7.66 
	25.53 	7.45 
	26.08 	6.86 
	29.46 	7.20 
	30.35 	6.83 
	33.40 	7.45 
	34.53 	7.42 
	38.22 	7.23 
	38.70 	7.47 
	42.72 	7.45 
	43.53 	6.87 
	47.05 	7.06 
	48.67 	7.07 
	51.76 	7.02 
	54.49 	6.75 
	56.65 	7.37 
	61.80 	7.13 
	66.60 	6.73 
	68.34 	7.20 
	74.32 	6.91 
	81.91 	6.81 
	89.91 	6.82 
	91.12 	6.70 
	104.37 	6.56 
	106.92 	6.71 
	122.36 	6.27 
	142.16 	6.13 
	167.90 	5.41 
	187.79 	5.25 
	216.24 	6.05 
	224.84 	5.24 
	262.48 	5.15 
	274.72 	5.16 
	300.51 	4.56 
	355.10 	4.50 
	499.22 	3.02 
 	882.34 	3.92 
 	0	0
 	
NGC_5927 		
	6.83 	6.39 
	12.64 	7.38 
	14.56 	6.00 
	21.58 	6.15 
	26.75 	5.68 
	31.08 	6.04 
	33.74 	6.65 
	35.97 	5.92 
	41.05 	5.88 
	45.76 	5.92 
	50.72 	5.76 
	52.50 	5.34 
	55.67 	5.61 
	60.88 	6.15 
	66.58 	5.88 
	72.16 	5.88 
	77.76 	4.94 
	78.17 	5.45 
	85.60 	5.29 
	93.63 	5.68 
	100.94 	5.25 
	106.57 	5.53 
	111.18 	5.58 
	152.28 	4.73 
	157.67 	5.34 
	201.85 	5.01 
	226.24 	4.42 
	280.64 	4.15 
	356.96 	3.75 
	466.45 	2.78 
 	589.38 	2.65 
 	0	0
 	
NGC_5946 		
	7.15 	4.92 
	56.90 	4.84 
	61.99 	4.62 
	123.25 	3.38 
 	190.98 	2.91
 	0	0
 	 
NGC_5986 		
	7.10 	7.89 
	13.97 	7.34 
	19.13 	7.84 
	24.19 	7.19 
	25.81 	7.02 
	28.05 	7.39 
	31.79 	7.29 
	35.95 	7.19 
	39.84 	6.95 
	43.84 	7.19 
	44.24 	7.01 
	48.11 	6.85 
	52.34 	6.75 
	56.98 	6.45 
	61.39 	6.85 
	63.54 	7.15 
	66.61 	6.25 
	71.33 	6.20 
	77.26 	6.30 
	87.92 	5.85 
	93.08 	4.65 
	95.36 	5.89 
	128.10 	4.84 
	186.12 	4.63 
	202.50 	5.37 
 	296.04 	3.26 
 	0	0
 	
NGC_6093_(M-80) 		
	6.52 	10.73 
	13.62 	10.63 
	19.67 	8.94 
	22.57 	8.88 
	27.33 	9.02 
	32.33 	8.67 
	39.27 	8.13 
	47.53 	7.83 
	55.48 	7.15 
	70.09 	7.12 
	94.56 	6.48 
	138.14 	6.10 
	167.89 	5.54 
 	245.61 	3.20 
 	0	0
 	
NGC_6101 		
	14.46 	3.49 
	30.00 	3.77 
	42.48 	3.39 
	44.46 	3.56 
	55.49 	3.42 
	67.33 	3.22 
	78.94 	3.49 
	88.75 	3.22 
	106.35 	3.42 
	118.85 	2.21 
 	137.74 	2.90 
 	0	0
 	
NGC_6121_(M-4) 		
	13.50 	5.11 
	29.64 	4.88 
	46.10 	4.93 
	46.97 	4.84 
	62.55 	4.79 
	79.68 	4.76 
	89.34 	4.74 
	106.73 	4.98 
	108.87 	4.45 
	119.73 	4.60 
	145.54 	4.08 
	156.61 	4.41 
	170.78 	4.00 
	192.76 	4.25 
	196.66 	4.05 
	226.24 	4.27 
	226.33 	4.02 
	257.27 	4.03 
	259.42 	4.35 
	291.97 	3.91 
	293.46 	4.03 
	328.00 	3.95 
	333.30 	4.18 
	363.49 	3.72 
	376.76 	3.58 
	402.29 	3.62 
	431.16 	3.57 
	446.50 	3.41 
	494.95 	3.33 
	498.05 	3.32 
	551.00 	3.05 
	580.63 	3.31 
	622.81 	3.08 
	717.85 	2.86 
	839.68 	2.82 
 	998.32 	2.68 
 	0	0
 	
NGC_6139 		
	64.60 	6.49 
	79.11 	6.72 
	143.73 	5.17 
	209.11 	5.26 
 	263.06 	4.03 
	0	0
 	
NGC_6144 		
	14.36 	3.79 
	29.63 	3.98 
	45.66 	3.55 
	61.04 	3.83 
	78.44 	3.59 
	120.23 	3.04 
 	138.93 	2.56 
  	0	0
 	
NGC_6171_(M-107)  		
	7.04 	3.50 
	20.11 	3.80 
	21.44 	3.84 
	36.58 	3.58 
	49.82 	4.21 
	50.47 	3.50 
	63.31 	3.60 
	81.74 	3.47 
	82.03 	3.36 
	88.50 	3.62 
	123.39 	3.53 
	151.90 	2.87 
	173.00 	3.02 
	242.30 	2.64 
	256.30 	2.92 
	390.94 	2.59 
 	544.67 	2.08 
  	0	0
 	
NGC_6205_(M-13)		
	6.87 	9.11 
	14.17 	8.65 
	20.12 	8.90 
	22.32 	7.68 
	25.22 	8.58 
	29.27 	8.76 
	33.58 	8.79 
	37.25 	8.93 
	41.17 	8.69 
	45.07 	8.44 
	48.68 	8.02 
	52.62 	7.81 
	56.24 	7.98 
	59.80 	8.02 
	63.08 	7.74 
	67.18 	7.70 
	71.12 	7.81 
	75.37 	7.91 
	79.91 	7.88 
	84.69 	7.77 
	90.39 	7.70 
	90.95 	6.93 
	100.16 	7.32 
	172.89 	5.98 
	176.65 	6.11 
	233.45 	6.04 
	283.15 	5.54 
	293.87 	5.85 
	338.85 	5.35 
	454.51 	4.16 
	490.00 	4.22 
 	820.44 	3.07
  	0	0
 	 
NGC_6218_(M-12) 		
	9.86 	5.16 
	10.42 	4.21 
	20.09 	4.67 
	20.20 	4.63 
	27.09 	4.79 
	28.93 	4.46 
	32.86 	4.84 
	36.59 	4.55 
	38.31 	4.76 
	43.52 	4.54 
	44.33 	4.87 
	48.25 	4.50 
	52.37 	4.19 
	53.44 	4.40 
	58.69 	4.48 
	61.66 	4.54 
	66.83 	3.85 
	74.56 	3.95 
	82.13 	4.29 
	83.51 	4.34 
	92.71 	4.09 
	109.76 	4.13 
	128.58 	3.41 
	146.27 	4.03 
	173.95 	3.29 
	187.44 	3.09 
	200.98 	3.61 
	228.78 	3.44 
	259.52 	3.24 
	303.65 	2.74 
	353.26 	3.11 
	355.96 	2.96 
	434.41 	2.60 
 	539.35 	2.06 
  	0	0
 	 
NGC_6229 		
 	83.65 	3.19
  	0	0
 	  
NGC_6235 		
	49.06 	4.09 
	80.98 	2.31 
 	115.15 	2.83 
  	0	0
 	 
NGC_6254_(M-10)		
	7.85 	6.45 
	10.75 	6.37 
	16.24 	5.88 
	18.11 	5.76 
	22.29 	5.59 
	23.61 	6.08 
	27.74 	6.34 
	28.59 	6.15 
	32.73 	5.52 
	34.20 	6.13 
	37.25 	5.74 
	39.45 	5.76 
	41.66 	5.74 
	44.51 	6.27 
	46.05 	6.02 
	49.26 	5.88 
	50.34 	5.82 
	53.83 	5.45 
	55.63 	5.26 
	58.30 	5.52 
	63.36 	6.10 
	67.03 	5.90 
	68.47 	5.72 
	73.29 	5.50 
	79.47 	5.79 
	85.08 	5.32 
	85.72 	5.36 
	96.02 	5.07 
	114.83 	5.13 
	143.25 	4.96 
	181.31 	5.01 
	231.43 	4.22 
	281.32 	4.22 
	358.42 	3.61 
	448.08 	2.73 
 	574.92 	2.75 
  	0	0
 	 
NGC_6256 		
	4.05 	5.84 
	8.27 	6.32 
	12.86 	5.77 
	17.64 	5.42 
	22.83 	5.22 
	28.68 	5.08 
	30.05 	5.93 
	34.23 	5.08 
	39.52 	5.18 
	47.77 	3.80 
	48.06 	4.91 
	56.19 	4.57 
	66.35 	4.22 
	80.62 	4.02 
 	96.53 	4.09 
  	0	0
 	 
NGC_6266_(M-62) 		
	0.52 	16.20 
	2.08 	15.20 
	3.12 	18.66 
	4.16 	14.80 
	5.97 	15.03 
	6.07 	14.71 
	6.50 	14.90 
	7.96 	14.69 
	9.10 	15.00 
	9.27 	16.11 
	11.77 	14.17 
	12.07 	16.07 
	15.90 	14.42 
	16.19 	13.64 
	18.74 	15.05 
	20.08 	13.39 
	20.80 	14.20 
	22.14 	14.37 
	23.72 	13.47 
	25.88 	14.40 
	27.13 	12.12 
	27.32 	13.85 
	29.09 	13.94 
	30.46 	11.90 
	31.96 	13.83 
	33.65 	12.66 
	34.83 	13.86 
	36.90 	12.91 
	37.55 	14.17 
	40.07 	12.91 
	40.44 	13.23 
	43.35 	12.16 
	43.74 	13.20 
	46.86 	11.92 
	47.07 	13.31 
	50.21 	12.06 
	50.58 	13.34 
	51.16 	13.84 
	54.22 	12.58 
	54.32 	12.36 
	58.20 	12.92 
	62.48 	12.22 
	63.22 	11.12 
	66.92 	11.96 
	70.47 	11.89 
	71.58 	12.39 
	76.36 	12.52 
	82.30 	11.74 
	91.58 	11.31 
	103.56 	11.15 
	105.94 	9.87 
	119.38 	10.63 
 	261.26 	6.71 
  	0	0
 	
NGC_6273_(M-19)  		
	41.90 	10.00 
	77.76 	9.04 
	121.19 	9.71 
	140.46 	8.69 
	187.59 	6.28 
	200.26 	7.04 
	273.41 	6.75 
	351.87 	5.51 
 	378.94 	4.88 
  	0	0
 	
NGC_6284 		
	53.30 	5.12 
	73.88 	3.10 
 	132.56 	3.69 
  	0	0
 	
NGC_6287 		
	75.78 	4.75 
	117.67 	4.03 
 	136.54 	3.77 
  	0	0
 	
NGC_6293 		
	5.76 	7.56 
	13.38 	7.15 
	22.23 	7.22 
	29.53 	5.47 
	44.00 	6.58 
	79.61 	4.83 
 	120.10 	4.62 
  	0	0
 	
NGC_6304 		
	6.64 	5.02 
	13.93 	5.10 
	21.61 	5.54 
	27.73 	5.68 
	27.80 	5.48 
	35.55 	5.34 
	44.07 	5.25 
	55.28 	5.05 
	56.82 	4.93 
	73.94 	4.64 
	84.03 	3.80 
	102.23 	4.76 
	162.44 	3.75 
 	177.87 	3.42
  	0	0
 	 
NGC_6316 		
	43.79 	6.09 
	44.19 	7.48 
	88.51 	5.91 
 	122.59 	4.72 
  	0	0
 	
NGC_6325 		
	4.73 	4.93 
	9.51 	5.43 
	10.81 	5.25 
	16.95 	4.68 
	22.77 	4.75 
	28.78 	4.54 
	32.98 	4.11 
	35.52 	4.50 
	43.34 	4.07 
	49.83 	5.24 
	62.36 	3.75 
 	102.60 	3.32 
  	0	0
 	
NGC_6333_(M-9) 		
	13.16 	8.97 
	113.91 	5.87 
	180.08 	4.62 
	193.20 	4.98 
 	231.13 	4.74
  	0	0
 	 
NGC_6341_(M-92) 		
	3.24 	7.78 
	7.81 	8.02 
	12.09 	8.34 
	13.23 	7.81 
	15.52 	8.26 
	18.95 	8.50 
	22.32 	7.98 
	25.43 	7.70 
	28.79 	7.90 
	32.31 	7.54 
	35.45 	8.02 
	39.37 	7.46 
	42.83 	7.78 
	46.91 	7.46 
	50.57 	7.09 
	54.43 	6.62 
	55.07 	6.81 
	59.56 	7.25 
	63.67 	6.93 
	66.60 	6.05 
	68.70 	6.45 
	74.56 	6.97 
	80.20 	6.21 
	88.98 	6.00 
	94.99 	6.14 
	100.76 	6.37 
	137.85 	4.94 
	182.82 	4.50 
	183.76 	5.21 
	236.19 	4.44 
	321.80 	3.16 
	389.89 	3.03 
 	570.84 	3.10 
  	0	0
 	
NGC_6342 		
	3.24 	4.48 
	6.14 	4.67 
	8.25 	5.57 
	8.50 	4.60 
	12.57 	4.06 
	17.22 	3.95 
	22.99 	3.84 
	28.12 	3.80 
	29.87 	4.20 
	33.34 	3.74 
	33.83 	3.80 
	40.23 	3.49 
	50.40 	3.27 
	65.49 	3.19 
 	95.25 	2.64 
  	0	0
 	
NGC_6352 		
	11.69 	3.15 
	23.13 	3.47 
	36.71 	3.34 
	51.05 	3.05 
	63.72 	3.15 
	63.74 	3.86 
	65.78 	3.21 
	76.89 	3.36 
	95.91 	2.92 
	128.42 	3.10 
 	246.08 	1.57 
  	0	0
 	
NGC_6355 		
	3.46 	5.83 
	7.95 	5.42 
	8.45 	4.71 
	15.20 	5.29 
	22.67 	5.21 
	27.54 	5.83 
	27.84 	5.05 
	33.83 	4.96 
	39.15 	4.19 
	40.78 	4.68 
	51.74 	4.64 
	68.74 	4.43 
 	122.51 	3.76 
  	0	0
 	
NGC_6356 		
	13.12 	6.85 
	106.40 	7.41 
	146.63 	3.83 
 	175.70 	4.88 
  	0	0
 	
NGC_6362 		
	14.29 	3.90 
	16.63 	3.59 
	25.30 	3.18 
	31.36 	3.37 
	32.90 	3.71 
	41.01 	3.59 
	49.85 	3.41 
	55.98 	4.29 
	56.85 	3.52 
	60.02 	4.05 
	64.00 	3.37 
	72.29 	3.19 
	72.30 	4.21 
	78.97 	3.44 
	79.68 	3.88 
	84.54 	3.71 
	87.67 	3.34 
	88.14 	3.68 
	90.02 	3.74 
	97.45 	3.55 
	106.33 	3.15 
	151.45 	2.93 
	177.13 	2.68 
	211.74 	3.08 
	297.28 	2.56 
	306.97 	2.43 
 	451.18 	1.82 
  	0	0
 	
NGC_6366 		
	35.80 	2.30 
	56.84 	2.23 
	61.11 	2.40 
	83.46 	2.53 
	84.77 	2.03 
	115.99 	2.41 
	163.86 	2.00 
	184.60 	2.23 
	226.49 	2.11 
	298.39 	1.93 
	342.84 	2.17 
 	438.90 	1.79 
  	0	0
 	
NGC_6380 		
	2.15 	8.11 
	4.02 	8.74 
	7.82 	7.67 
	8.11 	8.93 
	15.49 	8.38 
	18.97 	6.23 
	21.46 	7.88 
	24.41 	7.97 
	27.12 	7.92 
	29.94 	7.88 
	32.59 	7.83 
	35.23 	7.61 
	38.38 	7.61 
	41.70 	7.97 
	42.87 	8.11 
	45.67 	7.47 
	50.06 	7.42 
	54.77 	7.33 
	61.23 	7.33 
	69.32 	7.06 
	77.83 	6.79 
	97.99 	6.19 
	134.96 	5.06 
 	139.89 	5.42 
  	0	0
 	
NGC_6388 		
	0.89 	23.30 
	1.82 	25.70 
	2.69 	24.00 
	3.63 	22.20 
	4.47 	20.50 
	6.03 	18.60 
	6.47 	17.10 
	7.60 	17.86 
	10.96 	16.80 
	13.31 	17.68 
	16.63 	15.41 
	17.54 	16.20 
	18.20 	13.60 
	19.52 	15.13 
	22.48 	15.23 
	23.18 	15.15 
	25.15 	15.84 
	26.58 	15.36 
	28.03 	15.24 
	29.48 	14.93 
	30.92 	14.62 
	31.84 	15.15 
	33.78 	14.73 
	34.03 	14.35 
	36.27 	14.25 
	37.11 	13.41 
	38.25 	14.25 
	40.31 	13.93 
	41.03 	13.26 
	42.52 	13.24 
	44.50 	13.24 
	46.42 	13.87 
	47.52 	13.79 
	48.52 	13.61 
	50.55 	12.92 
	52.54 	12.97 
	54.60 	13.13 
	55.06 	13.23 
	56.79 	13.08 
	58.99 	12.29 
	61.18 	12.39 
	63.32 	12.34 
	65.78 	12.44 
	67.49 	11.85 
	68.26 	12.34 
	70.87 	11.81 
	73.91 	11.70 
	77.08 	11.76 
	80.48 	11.76 
	84.72 	11.44 
	89.98 	10.70 
	94.32 	10.92 
	97.32 	11.28 
	108.86 	10.86 
	132.76 	10.13 
	138.45 	8.39 
	181.38 	9.58 
	200.86 	8.48 
	239.96 	8.28 
	331.13 	6.65 
 	348.42 	5.71 
  	0	0
 	
NGC_6397 		
	6.20 	5.39 
	7.17 	5.74 
	15.11 	5.51 
	20.34 	5.14 
	21.11 	5.50 
	28.51 	5.48 
	37.04 	5.24 
	37.13 	4.96 
	50.63 	5.25 
	55.43 	5.02 
	63.60 	4.49 
	80.97 	5.42 
	87.11 	4.65 
	98.86 	4.17 
	119.11 	4.54 
	119.40 	4.02 
	150.05 	4.02 
	175.71 	4.23 
	186.23 	3.99 
	223.82 	4.05 
	227.78 	3.70 
	270.32 	3.62 
	272.82 	3.79 
	318.22 	3.64 
	323.04 	3.51 
	365.37 	3.31 
	379.31 	3.27 
	404.01 	3.40 
	435.81 	3.64 
	448.95 	3.43 
	466.92 	3.27 
	499.01 	2.82 
	529.80 	3.20 
	544.50 	2.98 
	610.33 	2.77 
	675.77 	2.94 
 	993.77 	2.37 
  	0	0
 	
NGC_6401 		
	2.00 	6.00 
	4.26 	5.89 
	6.45 	6.17 
	8.75 	5.96 
	12.64 	6.07 
	17.54 	5.89 
	22.86 	5.57 
	28.52 	5.71 
	34.87 	5.61 
	41.20 	5.22 
	43.58 	4.97 
	49.36 	5.29 
	51.82 	6.32 
	58.51 	5.26 
	72.78 	4.80 
	92.14 	4.34 
	96.33 	4.51 
 	165.23 	3.39 
  	0	0
 	
NGC_6402_(M-14) 		
	50.92 	8.79 
	88.24 	7.66 
	119.97 	7.20 
	125.89 	6.97 
	161.03 	7.14 
	161.13 	6.50 
	191.46 	6.32 
	245.24 	5.61 
	245.31 	5.80 
 	424.01 	4.25 
  	0	0
 	
NGC_6426 		
	39.66 	2.58 
 	87.37 	1.98
  	0	0
 	 
NGC_6440 		
	10.65 	13.39 
	13.72 	13.82 
	27.98 	11.83 
	85.25 	9.37 
	87.87 	9.06 
	133.57 	7.64 
 	177.16 	4.21 
  	0	0
 	
NGC_6441 		
	0.76 	19.07 
	1.86 	18.40 
	2.98 	19.37 
	3.91 	21.06 
	4.62 	18.83 
	5.44 	16.77 
	6.16 	19.07 
	7.01 	18.22 
	7.07 	15.81 
	7.09 	16.98 
	7.68 	19.79 
	8.29 	17.32 
	8.95 	17.38 
	9.98 	17.98 
	11.75 	17.32 
	12.97 	18.13 
	16.11 	15.51 
	17.01 	16.23 
	20.94 	16.29 
	23.76 	15.51 
	25.41 	17.00 
	28.65 	14.72 
	30.13 	16.30 
	32.26 	15.27 
	35.14 	16.18 
	35.17 	14.48 
	37.92 	14.54 
	40.42 	14.48 
	41.12 	13.89 
	42.97 	14.42 
	45.43 	13.46 
	47.84 	13.64 
	49.10 	14.04 
	50.00 	13.94 
	52.55 	13.33 
	54.98 	12.97 
	55.91 	12.64 
	57.26 	13.15 
	59.81 	12.61 
	61.19 	13.37 
	62.22 	12.19 
	64.89 	12.37 
	67.62 	13.09 
	70.55 	12.91 
	73.81 	11.77 
	77.59 	13.03 
	81.81 	12.25 
	86.44 	12.73 
	91.48 	11.40 
	91.54 	10.70 
	99.17 	12.19 
	110.14 	12.61 
	128.85 	10.44 
 	171.68 	7.63
  	0	0
 	 
NGC_6453 		
	3.81 	7.35 
	6.02 	7.21 
	8.48 	7.30 
	8.94 	5.90 
	12.54 	7.11 
	17.57 	6.68 
	21.65 	6.92 
	25.14 	6.21 
	28.54 	6.21 
	32.08 	6.06 
	35.69 	5.87 
	40.96 	5.82 
	46.30 	6.06 
	53.49 	5.35 
	63.32 	4.96 
 	78.24 	4.73 
  	0	0
 	
NGC_6496 		
	33.46 	3.13 
	63.59 	2.82 
	64.62 	2.73 
	103.62 	2.56 
	109.94 	2.40 
	158.59 	1.97 
	179.29 	2.04 
 	302.74 	1.53 
  	0	0
 	
NGC_6517 		
	8.04 	8.57 
	37.35 	6.92 
	112.01 	4.45 
 	113.08 	5.11 
  	0	0
 	
NGC_6522 		
	6.86 	8.38 
	13.02 	9.06 
	16.94 	7.64 
	21.03 	8.95 
	25.46 	8.37 
	29.57 	8.22 
	42.93 	6.84 
	118.95 	4.22 
 	123.74 	4.85 
  	0	0
 	
NGC_6528 		
	7.13 	4.08 
	14.94 	4.47 
	22.35 	4.83 
	38.04 	4.28 
 	75.78 	4.57
  	0	0
 	
NGC_6535 		
	9.09 	3.59 
	26.31 	2.62 
	46.45 	2.08 
	50.14 	2.07 
	62.48 	2.08 
	71.13 	1.99 
 	157.84 	1.69 
  	0	0
 	
NGC_6539 		
	42.22 	5.76 
	45.86 	5.75 
	82.56 	4.96 
	107.41 	4.73 
	145.67 	4.48 
 	248.46 	3.75
  	0	0
 	 
NGC_6540 		
	19.47 	2.79 
 	101.56 	2.02 
  	0	0
 	
NGC_6541 		
	3.75 	9.05 
	7.44 	9.09 
	8.32 	9.00 
	10.75 	8.66 
	13.63 	8.51 
	16.05 	7.71 
	16.76 	8.44 
	19.85 	7.86 
	21.96 	7.23 
	23.02 	7.68 
	26.11 	7.97 
	27.27 	7.76 
	29.72 	7.94 
	32.53 	7.19 
	33.47 	7.83 
	37.12 	7.72 
	37.71 	7.29 
	40.81 	7.68 
	44.01 	7.31 
	44.70 	7.36 
	49.27 	7.18 
	51.38 	6.77 
	54.42 	6.96 
	59.04 	7.06 
	59.59 	6.67 
	65.25 	7.03 
	71.06 	7.18 
	71.92 	6.74 
	77.63 	5.95 
	85.71 	6.24 
	98.55 	5.84 
	119.47 	5.51 
	152.66 	5.39 
	174.88 	5.41 
	184.06 	5.12 
	218.50 	4.70 
 	364.84 	3.08 
  	0	0
 	
NGC_6544 		
	39.62 	5.75 
	105.95 	4.73 
	117.52 	4.16 
	194.87 	4.31 
	318.60 	3.63 
 	456.68 	3.35 
  	0	0
 	
NGC_6553 		
	25.35 	8.64 
	28.90 	6.68 
	50.42 	8.27 
	66.95 	7.26 
	71.53 	7.70 
	95.29 	7.47 
	130.19 	6.62 
	154.29 	5.41 
 	253.16 	5.66 
   	0	0
 	
NGC_6558 		
	3.18 	4.95 
	5.98 	5.06 
	8.77 	4.21 
	12.38 	4.02 
	17.27 	3.73 
	22.82 	3.80 
	28.51 	3.17 
	35.24 	3.25 
	43.68 	2.99 
	44.76 	3.20 
	45.96 	3.02 
 	55.37 	2.73  	  	
 	0	0

NGC_6569 		
	31.14 	6.33 
	76.84 	5.11 
	85.83 	5.39 
	142.63 	4.99 
 	244.77 	4.09 
  	0	0
 	
NGC_6584 		
	11.78 	4.77 
	21.02 	4.26 
	28.04 	3.62 
	34.43 	3.68 
	45.46 	3.94 
	74.40 	3.68 
	76.47 	3.34 
 	127.33 	2.72 
  	0	0
 	
NGC_6624 		
	3.76 	7.53 
	4.21 	7.21 
	6.39 	6.77 
	9.38 	6.99 
	9.91 	7.24 
	12.19 	6.54 
	14.54 	6.61 
	15.69 	6.27 
	16.89 	6.69 
	19.43 	5.70 
	20.97 	6.73 
	22.44 	6.27 
	25.11 	5.97 
	27.33 	5.54 
	28.49 	5.78 
	32.26 	5.63 
	36.11 	5.25 
	41.18 	4.98 
	41.80 	4.89 
	47.00 	5.02 
	53.76 	5.13 
	60.29 	4.83 
	68.79 	4.45 
	83.04 	4.49 
	83.49 	4.49 
	106.45 	3.43 
 	149.93 	4.19
  	0	0
 	
NGC_6626_(M-28)		
	44.85 	8.47 
	104.70 	7.59 
	134.78 	6.83 
	163.72 	6.52 
	215.21 	5.01 
	318.73 	4.89 
 	319.76 	3.64 
  	0	0
 	
NGC_6637_(M-69)		
	3.80 	7.05 
	8.02 	6.58 
	8.55 	6.31 
	11.86 	6.29 
	14.80 	6.41 
	17.31 	6.41 
	20.00 	5.99 
	22.49 	6.24 
	25.03 	5.91 
	27.44 	5.65 
	30.05 	6.03 
	33.20 	6.41 
	36.27 	5.74 
	39.81 	5.65 
	43.39 	5.61 
	46.70 	5.48 
	51.06 	5.27 
	55.02 	4.94 
	59.19 	5.02 
	64.11 	5.23 
	69.74 	5.02 
	74.08 	5.03 
	77.03 	4.51 
	84.95 	4.28 
	87.76 	4.35 
	121.98 	3.75 
 	166.22 	3.57 
  	0	0
 	
NGC_6638 		
	78.65 	4.40 
 	88.68 	4.10 
  	0	0
 	
NGC_6642 		
	2.87 	4.69 
	4.33 	4.58 
	7.52 	4.46 
	12.80 	4.69 
	17.02 	4.58 
	22.82 	4.08 
	31.48 	3.74 
	39.18 	3.55 
	52.62 	3.93 
	52.88 	3.32 
	60.32 	3.94 
 	117.61 	2.39 
  	0	0
 	
NGC_6652 		
	6.57 	5.20 
	8.31 	3.98 
	12.05 	4.80 
	16.76 	3.99 
	21.61 	4.40 
	28.02 	3.50 
	41.28 	3.62 
	42.09 	3.19 
	50.94 	3.67 
	61.98 	3.23 
 	94.77 	3.16 
  	0	0
 	
NGC_6656_(M-22)		
	7.47 	8.61 
	9.75 	8.48 
	17.21 	9.33 
	20.02 	8.06 
	24.69 	8.63 
	27.17 	8.58 
	31.29 	8.91 
	33.31 	8.83 
	37.43 	8.94 
	38.66 	9.09 
	42.74 	8.72 
	43.49 	8.09 
	48.27 	9.30 
	48.36 	8.46 
	53.31 	8.38 
	53.61 	8.86 
	58.18 	9.02 
	58.32 	8.83 
	63.05 	8.21 
	63.80 	8.47 
	69.24 	8.66 
	74.84 	8.74 
	79.93 	8.52 
	85.72 	8.82 
	90.82 	7.81 
	94.06 	8.69 
	107.66 	8.72 
	107.85 	8.07 
	145.69 	8.05 
	189.06 	7.09 
	241.45 	7.36 
	251.48 	7.01 
	326.29 	6.39 
	365.00 	5.79 
	378.29 	6.48 
	428.98 	6.05 
	487.10 	5.99 
	542.25 	5.54 
	560.61 	5.17 
	596.43 	5.15 
	674.03 	4.96 
	749.86 	4.84 
	888.61 	4.43 
 	1046.38 3.79 
  	0	0
 	
NGC_6681_(M-70)		
	2.88 	6.66 
	5.29 	6.52 
	7.37 	6.39 
	10.54 	6.45 
	11.74 	6.12 
	14.33 	5.33 
	15.23 	5.55 
	17.73 	5.88 
	18.93 	5.68 
	20.84 	5.57 
	23.10 	5.46 
	23.99 	5.20 
	26.91 	5.30 
	27.73 	5.41 
	29.91 	5.53 
	32.20 	5.33 
	32.73 	5.56 
	37.96 	5.33 
	38.04 	4.76 
	44.04 	4.70 
	51.23 	4.66 
	58.72 	4.57 
	70.01 	4.30 
	86.55 	3.82 
	93.34 	3.63 
	154.02 	2.20 
 	182.81 	2.83 
  	0	0
 	
NGC_6712 		
	34.41 	4.65 
	63.66 	3.93 
	85.81 	3.90 
	100.68 	4.00 
	139.22 	3.53 
	154.45 	3.60 
	248.09 	2.33 
 	252.39 	2.64 
  	0	0
 	
NGC_6715_(M-54)  		
	6.61 	16.25 
	7.76 	19.19 
	12.47 	15.77 
	13.04 	15.95 
	16.38 	16.91 
	17.03 	14.83 
	20.19 	14.95 
	20.37 	15.89 
	22.65 	14.70 
	24.35 	11.69 
	24.55 	14.45 
	26.28 	13.71 
	28.47 	14.22 
	28.58 	12.58 
	30.62 	14.33 
	30.92 	14.37 
	32.68 	14.33 
	33.70 	12.71 
	35.31 	12.96 
	38.07 	12.46 
	42.49 	11.84 
	44.69 	11.37 
	49.55 	10.96 
	55.30 	12.36 
	55.97 	12.93 
	59.61 	11.84 
	71.18 	10.67 
	74.92 	12.58 
	91.32 	9.27 
	94.67 	9.01 
	121.24 	8.78 
	133.00 	6.65 
	170.92 	6.08 
	269.01 	7.04 
	410.12 	8.27 
 	679.10 	8.38 
  	0	0
 
NGC_6717 		
	6.62 	3.30 
	10.08 	2.85 
	22.94 	2.64 
	34.78 	2.50 
	49.33 	2.57 
	63.57 	2.65 
	77.30 	2.50 
 	113.60 	1.89 
  	0	0
 
NGC_6723 		
	10.15 	5.84 
	11.60 	6.23 
	18.00 	5.92 
	19.87 	6.11 
	21.72 	5.79 
	22.30 	6.00 
	26.30 	5.80 
	26.47 	5.88 
	30.00 	5.76 
	33.43 	5.68 
	33.70 	5.60 
	38.00 	5.49 
	39.68 	5.56 
	46.31 	5.17 
	47.75 	5.43 
	52.76 	5.84 
	58.63 	5.13 
	66.03 	5.17 
	69.54 	4.85 
	73.15 	5.02 
	84.69 	4.59 
	90.35 	4.74 
	105.30 	4.33 
	115.73 	4.41 
	148.52 	4.09 
	156.22 	4.01 
	183.91 	3.13 
	247.42 	3.31 
 	368.23 	2.58
  	0	0
  
NGC_6749 		
	105.70 	4.59 
 	137.49 	4.73
  	0	0
  
NGC_6752 		
	6.12 	7.65 
	6.31 	8.11 
	12.19 	8.15 
	13.17 	7.56 
	17.71 	8.49 
	20.54 	7.49 
	22.92 	8.51 
	28.52 	7.38 
	28.98 	8.00 
	33.68 	8.10 
	35.90 	7.29 
	38.67 	7.68 
	43.03 	7.10 
	44.11 	7.61 
	50.12 	7.84 
	50.15 	6.76 
	56.72 	7.67 
	62.16 	6.81 
	63.91 	7.06 
	71.54 	7.00 
	76.61 	7.21 
	78.83 	6.26 
	87.26 	6.63 
	87.85 	6.37 
	95.46 	6.92 
	96.87 	6.39 
	102.96 	6.69 
	103.24 	6.62 
	107.77 	5.82 
	113.82 	6.29 
	115.58 	6.14 
	121.49 	5.96 
	141.37 	5.90 
	150.45 	5.63 
	153.25 	5.79 
	198.57 	5.45 
	198.89 	5.43 
	262.10 	5.33 
	262.28 	4.74 
	295.26 	4.45 
	325.85 	4.05 
	333.34 	4.23 
	394.35 	4.13 
	400.57 	4.27 
	444.50 	4.02 
	512.52 	3.92 
	525.95 	3.64 
	670.18 	2.99 
	718.06 	3.02 
 	979.67 	2.64
  	0	0
  
NGC_6760 		
	9.94 	6.89 
	76.47 	5.79 
	104.73 	5.51 
	114.68 	5.06 
 	140.38 	4.75
  	0	0
  
NGC_6779_(M-56)		
	16.44 	5.04 
	26.48 	5.83 
	36.78 	5.24 
	52.49 	4.55 
	72.14 	4.52 
	72.16 	4.65 
	87.25 	4.66 
	103.54 	4.67 
	131.33 	3.92 
	146.97 	4.17 
	169.59 	2.57 
 	221.36 	3.67 
  	0	0
  
NGC_6809_(M-55) 		
	21.10 	5.22 
	36.01 	5.05 
	48.24 	5.17 
	51.03 	4.29 
	58.07 	4.94 
	68.06 	4.94 
	76.62 	4.61 
	88.18 	4.64 
	122.97 	4.06 
	143.04 	4.08 
	190.59 	4.05 
	250.56 	3.80 
	280.84 	3.81 
	407.97 	3.35 
	513.23 	3.15 
 	632.43 	3.23 
  	0	0
  
NGC_6838_(M-71) 		
	23.53 	2.71 
	36.84 	2.85 
	44.83 	2.50 
	58.46 	2.60 
	65.64 	2.41 
	83.96 	2.54 
	101.17 	2.29 
	108.70 	2.48 
	135.95 	2.33 
	181.75 	2.67 
	214.07 	2.04 
	238.66 	2.17 
 	459.84 	1.89 
  	0	0
  
NGC_6864_(M-75)		
	36.36 	10.02 
	51.23 	7.57 
	66.76 	5.82 
	66.76 	6.13 
	76.45 	4.48 
	96.87 	4.85 
 	161.80 	4.07 
  	0	0
  
NGC_6934 		
	6.99 	5.07 
	13.04 	5.14 
	15.52 	4.07 
	16.43 	4.77 
	20.28 	4.77 
	24.02 	5.44 
	28.28 	4.62 
	31.86 	5.14 
	36.78 	4.92 
	40.52 	4.47 
	45.42 	4.40 
	51.16 	4.40 
	58.57 	4.10 
	67.31 	3.87 
	69.22 	2.99 
	75.20 	4.17 
	80.57 	3.86 
	86.05 	3.58 
	105.70 	4.40 
	152.29 	3.06 
 	214.71 	2.31 
  	0	0
  
NGC_6981_(M-72)		
	8.51 	3.96 
	19.97 	3.53 
	26.80 	5.13 
	40.43 	5.53 
	67.26 	3.34 
	73.06 	5.05 
 	103.55 	1.94 
  	0	0
  
NGC_7006 		
	10.69 	3.43 
 	50.68 	3.12 
  	0	0
  
NGC_7078_(M-15) 		
	2.37 	12.51 
	3.89 	11.93 
	5.42 	11.12 
	7.76 	11.78 
	8.48 	11.47 
	10.27 	11.10 
	12.65 	11.27 
	14.05 	11.55 
	16.49 	11.07 
	17.29 	10.28 
	19.58 	11.27 
	20.60 	10.56 
	22.56 	10.56 
	24.01 	11.62 
	25.58 	11.52 
	27.49 	9.67 
	28.61 	10.61 
	31.46 	10.37 
	31.90 	10.91 
	35.20 	9.85 
	35.58 	9.43 
	38.62 	9.70 
	39.55 	9.26 
	42.20 	9.90 
	44.04 	8.29 
	46.18 	9.19 
	49.01 	8.44 
	50.25 	9.04 
	54.16 	9.10 
	54.79 	9.59 
	60.17 	8.88 
	63.02 	7.51 
	65.60 	8.27 
	71.47 	8.58 
	78.36 	8.12 
	82.48 	7.31 
	86.34 	7.77 
	99.88 	7.67 
	115.29 	7.47 
	132.94 	6.08 
	168.90 	6.38 
	201.28 	4.86 
	236.39 	4.89 
	324.76 	3.20 
	456.86 	3.67 
 	617.62 	4.11 
  	0	0
  
NGC_7089_(M-2)		
	7.48 	11.47 
	7.92 	10.36 
	13.43 	11.31 
	15.72 	10.47 
	17.75 	11.14 
	21.39 	9.53 
	21.49 	10.64 
	24.70 	10.59 
	26.54 	9.92 
	27.48 	10.37 
	30.33 	10.53 
	31.75 	9.62 
	32.96 	10.03 
	35.05 	10.81 
	36.92 	9.47 
	37.21 	10.09 
	39.60 	10.03 
	41.77 	10.04 
	42.08 	9.59 
	44.19 	9.31 
	46.35 	9.48 
	47.07 	9.68 
	48.99 	9.64 
	51.60 	9.15 
	51.69 	9.01 
	54.08 	8.87 
	56.21 	9.47 
	56.79 	9.37 
	59.50 	8.87 
	62.45 	8.70 
	65.41 	8.76 
	68.76 	8.15 
	72.40 	8.15 
	76.38 	7.98 
	81.34 	8.37 
	88.58 	8.29 
	89.07 	8.15 
	125.94 	7.58 
	165.41 	6.86 
	184.93 	6.11 
	265.19 	5.29 
	278.44 	5.13 
 	536.05 	4.13 
  	0	0
  
NGC_7099_(M-30)  		
	4.71 	6.29 
	6.04 	6.10 
	11.19 	5.49 
	13.57 	5.26 
	15.15 	5.21 
	19.28 	5.13 
	19.97 	5.06 
	24.38 	5.13 
	27.01 	5.56 
	30.06 	5.01 
	34.18 	4.64 
	35.80 	4.93 
	41.03 	4.65 
	41.36 	4.68 
	48.16 	4.85 
	50.01 	4.19 
	56.62 	4.41 
	65.00 	4.29 
	71.82 	3.96 
	74.49 	4.37 
	87.40 	3.97 
	101.14 	4.23 
	114.31 	3.82 
	153.24 	3.23 
	166.27 	2.91 
	207.12 	3.17 
	274.41 	2.37 
	276.06 	2.25 
	396.03 	2.46 
	467.34 	2.03 
 	603.36 	2.23 
  	0	0
  
NGC_7492 		
	39.92 	1.32 
 	83.40 	1.09 
  	0	0
        
Pal_1 		
 	43.11 	0.30 
  	0	0
        
Pal_2 		
	24.82 	4.30 
	58.85   3.94
 	72.32 	3.84 
  	0	0
  
Pal_3 		
 	24.15 	1.70 
   	0	0
        
Pal_4 		
 	26.71 	0.88
   	0	0
         
Pal_5 		
	129.05 	1.30 
 	341.56 	1.12
  	0	0
         
Pal_6 		
	49.89 	4.96 
 	89.29 	3.91
  	0	0
         
Pal_8 		
	50.93 	2.74 
 	67.43 	3.00 
  	0	0
        
Pal_10 		
	62.54 	4.20 
	71.00 	1.16 
 	124.16 	3.83 
  	0	0
        
Pal_11 		
	64.18 	1.31 
 	80.17 	2.48
  	0	0
         
Pal_12 		
 	78.64 	0.88
  	0	0
        
Pal_13 		
 	44.08 	0.99
  	0	0
         
Pal_14 		
 	77.12 	0.71
  	0	0
        
Pal_15 		
 	75.59 	1.32
  	0	0
        
Patchick_126 		
 	14.30 	1.73
  	0	0
         
Pyxis 		
	65.12 	1.24 
 	193.45 	0.87
  	0	0
        
Rup_106 		
	74.45 	1.47 
 	168.79 	1.10 
  	0	0
       
Sagittarius_2  		
 	85.65 	1.40 
  	0	0
       
Ter_1 		
	24.46 	9.63 
	25.47 	7.54 
	64.06 	8.36 
 	87.58 	5.33 
  	0	0
       
Ter_2 		
	23.03 	3.67 
	25.88 	4.10 
 	67.30 	3.88 
  	0	0
       
Ter_3 		
	31.60 	1.65 
	57.32 	2.14 
 	106.30 	1.97 
  	0	0
       
Ter_4 		
	9.78 	3.80 
 	37.67 	5.84 
   	0	0
       
Ter_5 		
	26.02 	17.18 
	66.18 	12.67 
	74.47 	12.88 
	90.45 	11.89 
	108.85 	10.43 
 	134.66 	9.66 
   	0	0
       
Ter_6 		
	45.03 	4.50 
 	46.76 	4.92
  	0	0
        
Ter_7 		
	20.46 	1.09 
 	98.29 	0.50 
  	0	0
       
Ter_8 		
	67.10 	1.68 
 	184.19 	1.24 
  	0	0
       
Ter_9 		
	10.55 	6.52 
	24.25 	7.86 
	46.85 	4.96 
 	58.80 	7.42 
  	0	0
       
Ter_10 		
	45.62 	7.06 
 	77.53 	6.43 
  	0	0
       
Ter_12 		
	32.39 	2.22 
	36.15 	4.51 
	76.14 	3.21 
 	122.54 	3.64 
  	0	0
       
Ton_2 		
	69.55 	2.39 
	71.82 	2.97 
 	134.66 	2.90 
  	0	0
       
UKS_1 		
 	10.34 	7.03 
  	0	0
       
VVV-CL001 		
	6.16 	7.14 
	15.27 	7.20 
	21.10 	7.10 
	30.42 	5.14 
  	0	0
       

