 NGC_5694               
  0.52000000000000002        9.5399999999999991     
   2.0899999999999999        8.7500000000000000     
   4.1699999999999999        9.3000000000000007     
   6.4600000000000000        6.6500000000000004     
   9.6099999999999994        7.0300000000000002     
   42.289999999999999        4.5800000000000001     
   101.00000000000000        3.4600000000000000     
   230.56000000000000        2.5200000000000000     
   0.0000000000000000        0.0000000000000000     
