 NGC_6717               
   6.6200000000000001        3.2999999999999998     
   10.080000000000000        2.8500000000000001     
   22.940000000000001        2.6400000000000001     
   34.780000000000001        2.5000000000000000     
   49.329999999999998        2.5699999999999998     
   63.570000000000000        2.6499999999999999     
   77.299999999999997        2.5000000000000000     
   113.59999999999999        1.8899999999999999     
   0.0000000000000000        0.0000000000000000     
