 NGC_6496               
   33.460000000000001        3.1299999999999999     
   63.590000000000003        2.8199999999999998     
   64.620000000000005        2.7300000000000000     
   103.62000000000000        2.5600000000000001     
   109.94000000000000        2.3999999999999999     
   158.59000000000000        1.9700000000000000     
   179.28999999999999        2.0400000000000000     
   302.74000000000001        1.5300000000000000     
   0.0000000000000000        0.0000000000000000     
