 NGC_6712               
   34.409999999999997        4.6500000000000004     
   63.659999999999997        3.9300000000000002     
   85.810000000000002        3.8999999999999999     
   100.68000000000001        4.0000000000000000     
   139.22000000000000        3.5299999999999998     
   154.44999999999999        3.6000000000000001     
   248.09000000000000        2.3300000000000001     
   252.38999999999999        2.6400000000000001     
   0.0000000000000000        0.0000000000000000     
