 NGC_6584                
   11.779999999999999        4.7699999999999996     
   21.020000000000000        4.2599999999999998     
   28.039999999999999        3.6200000000000001     
   34.430000000000000        3.6800000000000002     
   45.460000000000001        3.9399999999999999     
   74.400000000000006        3.6800000000000002     
   76.469999999999999        3.3399999999999999     
   127.33000000000000        2.7200000000000002     
   0.0000000000000000        0.0000000000000000     
